20001, .06
20002, .06
20003, .06
20004, .06
20005, .06
20007, .06
20008, .06
20009, .06
20010, .06
20011, .06
20012, .06
20015, .06
20016, .06
20017, .06
20018, .06
20019, .06
20020, .06
20024, .06
20032, .06
20036, .06
20037, .06
20057, .06
20064, .06
20906, .06
20878, .06
20874, .06
20904, .06
20902, .06
20854, .06
20850, .06
20852, .06
20910, .06
20877, .06
20817, .06
20901, .06
20853, .06
20815, .06
20876, .06
20879, .06
20886, .06
20814, .06
20903, .06
20912, .06
20832, .06
20895, .06
20855, .06
20905, .06
20871, .06
20882, .06
20816, .06
20866, .06
20851, .06
20872, .06
20841, .06
20833, .06
20837, .06
20861, .06
20842, .06
20860, .06
20818, .06
20880, .06
20862, .06
20868, .06
20896, .06
20899, .06
20839, .06
20889, .06
20812, .06
20838, .06
20894, .06
20047, .06
20207, .06
20697, .06
20810, .06
20811, .06
20813, .06
20825, .06
20824, .06
20830, .06
20827, .06
20847, .06
20849, .06
20848, .06
20859, .06
20857, .06
20875, .06
20883, .06
20885, .06
20884, .06
20892, .06
20891, .06
20897, .06
20898, .06
20907, .06
20911, .06
20913, .06
20915, .06
20914, .06
20918, .06
20916, .06
20997, .06
20993, .06
20908, .06
20744, .06
20783, .06
20772, .06
20774, .06
20785, .06
20748, .06
20747, .06
20706, .06
20743, .06
20735, .06
20707, .06
20782, .06
20740, .06
20708, .06
20784, .06
20705, .06
20721, .06
20745, .06
20715, .06
20746, .06
20903, .06
20770, .06
20737, .06
20720, .06
20716, .06
20613, .06
20781, .06
20710, .06
20712, .06
20607, .06
20742, .06
20769, .06
20722, .06
20623, .06
20762, .06
20608, .06
20771, .06
20233, .06
20409, .06
20703, .06
20704, .06
20709, .06
20718, .06
20717, .06
20719, .06
20726, .06
20725, .06
20731, .06
20738, .06
20741, .06
20749, .06
20752, .06
20753, .06
20757, .06
20768, .06
20787, .06
20788, .06
20791, .06
20797, .06
20750, .06
20773, .06
20775, .06
20790, .06
20792, .06
20799, .06
22212, .06
22204, .0825
22201, .0825
22207, .0825
22202, .0825
22203, .0825
22206, .0825
22205, .0825
22209, .0825
22213, .0825
22211, .0825
20231, .0825
20330, .0825
20355, .0825
20380, .0825
22210, .0825
22215, .0825
22214, .0825
22217, .0825
22216, .0825
22219, .0825
22218, .0825
22223, .0825
22222, .0825
22226, .0825
22225, .0825
22229, .0825
22227, .0825
22234, .0825
22230, .0825
22240, .0825
22243, .0825
22242, .0825
22245, .0825
22244, .0825
22246, .0825
22304, .0995
22314, .0995
22311, .0995
22305, .0995
22302, .0995
22301, .0995
22313, .0995
22321, .0995
22320, .0995
22332, .0995
22331, .0995
22334, .0995
22333, .0995
22336, .0995
22350, .0995
22046, .06
22040, .06
22003, .06
22030, .06
20171, .06
22015, .06
20170, .06
20120, .06
22033, .06
22309, .06
22079, .06
22306, .06
22031, .06
22042, .06
22312, .06
22310, .06
22153, .06
22032, .06
22315, .06
22152, .06
20191, .06
20121, .06
22101, .06
22150, .06
22041, .06
22182, .06
22043, .06
20151, .06
22180, .06
22102, .06
22311, .06
20190, .06
22124, .06
22046, .06
22151, .06
22039, .06
22066, .06
20124, .06
22303, .06
22181, .06
22308, .06
22044, .06
20194, .06
22307, .06
22060, .06
22027, .06
22185, .06
22035, .06
20122, .06
20153, .06
20172, .06
20193, .06
20192, .06
20195, .06
20196, .06
22009, .06
22037, .06
22036, .06
22047, .06
22067, .06
22081, .06
22092, .06
22082, .06
22095, .06
22096, .06
22103, .06
22107, .06
22106, .06
22109, .06
22108, .06
22118, .06
22116, .06
22120, .06
22119, .06
22122, .06
22121, .06
22158, .06
22156, .06
22160, .06
22159, .06
22161, .06
22183, .06
22184, .06
22199, .06
20511, .06
22030, .06
22031, .06
22034, .06
22038, .06